[35,53,51,85,47,44,66]
[77,62,63,57,51,50,38,35,55,42,83,85,90,62,28,89]
[42,57,79,36,40,36,32,19,71,74,58,58]
[75,58,71,65,62,62,49,20,63,80,89,38]
[42,71,66,91,43,46,52,10,61,93,61,72,41,93]
[83,69,24,78,77,69,42,29,42,31,76,55]
[50,36,45,65,14,23,82,86,49,82,71,47,77]
[72,4,77,74,39,70,33,73,66,36,90,38,28]
[64,86,93,64]
[17,13,54,18,42,38,43,16,33,54,20,58,47,26,66,53]
[74,82]
[24,88,53,78]
[62,50]
[58,84,46,23,89,81,64,100,44,17,59,80,21,22,72]
[34,36,28,50,18,98,94,37,79]
[51,37,53,45,59,63,53,82,34,97,65,45,44]
[56,64,43,86,77,78,68,51,67,37,54]
[78,71,18,80,65,54,67,54,47,14]
[27,68,35,57,68,62,91,30,70,77,73,18,78,85]
[45,48,84,79,36,5,79,68,77,67,39,38,85,40,25,72]
[46,55,33,46,46,28,50,10,21,65,82,88,90,33,22,39]
[63,19,59,54,31,37,78,53,54,57,67,42]
[60,68]
[75,59,54,74,65,79,85,57,26,63,26]
[77,57,68,46,4,84,90,56,20]
[66,33,38,69,48,54,72,45,64,49,27,6,46,60]
[80,31]
[46,67,37,93,84,4,24,46,35,25,53,42,64,32,23]
[55,74,75,72,48,26,48,84,40,75,66,54]
[6,74,63,50,43,37,75,79,11,80,25,78,76,67]
[6,15,66,56,56,56,10,40,24,40,82,21,53,67,58,83]
[84,99,52,41,79,80,46,49,43,84,73,47,23,25]
[25,92,41,50,54,76,79,96,68,32,28,9,59,8]
[82,39,52,9,67,12,31,45,71,51]
[70,35,43,55,81,84]
[40,96,38,61,66,55,57,41,48,64,59,16]
[54,92,4,68]
[31,39,79,21,80,62,49,91,82,64,23,63,66,76,34]
[66,4,24,61,62,36,52]
[89,87,44,69,73,49,47,63,56,46,38,88,57,77]
[71,54]
[36,37,78,58,60,57,79,33,61,27,73,72,96,71,60]
[32,79,8,21,41,48,19,51,73,60]
[91,15,71,78,23,36,43,20,3,62,70,18,53,85]
[70,35,97,66,57,83,78]
[34,57,39,40,82,73,33,51,65,24,33,26,49,28]
[31,32,84]
[74,24,79,54,65,50,32,44,42,62,37,58,62,72]
[65,87,85,76,50,22,34,63,24,20]
[40,45,41,45,45,96,79,18,59,29,78,77]
[78,87,38,52]
[33,72,65,47,28]
[77,56,70,29,27,57,66]
[15,64,49,22,55,80,49,55,46,100,39,100,81,46,82,41]
[40,57,56,50,49,73,47,27,75,64,22]
[56,37,89,17,37,12,49]
[58,42,14,77,80,57,60,87,49]
[61,59,6,73,40,68,76,33,70,63,46,10,46,57]
[36,62,76,86]
[21,72,65,63,74,38,64]
[54,65,55,49,63,41,29,41,71,81,36,17,28,32]
[57,67,34]
[77,74,39,42,30,44,27,43,28,85,42,85,26,89,43]
[26,46,25,48]
[90,40,45,43,91,53,78,98,54,81,81]
[78,34,92,66,48,68,64,42,39]
[39,23,62,67,44,39,33,58,52,86,26]
[44,53,68,56,24,20,9,95,80,43,34,17,37,36,42]
[46,80,63,42,74,51,39,55,88,62,85,46,2,61,87,72]
[84,77,48,6,81,54,74,29,81,77,27,22,86]
[50,34,45,21,80,76,31,62,99,49,54,92,40,69,71,55]
[56,53,76,65,21,20,81,80,25,25,16,53,90,63]
[29,23,79,70,54,32,54,48,2,40,41,38,41,64]
[57,52,45,63,64,62,57,51,46,34,67,62,61,40]
[40,58,43,62,67,51,46,85,32,95,52,20,37,74]
[22,49]
[78,19,51,85,64,57,68,55,66,48,87,74,77]
[78,51,65,58,61,60,87,88,82,86,41,73]
[33,40,59,50,77,23,65,71,61,45]
[56,48,79,8,60,67,85,84,81]
[27,71,73,44,63,99,54,84,60,53,76,51,82,34,52]
[68,34,85,99,56,75,36,39,70,63,85,59,76,65,93,64]
[99,48,27,39,45,33,84]
[99,62,52,32,6,25,66,14,56,74,17,48]
[44,73,51,32,62,26,38,45,18,64,38,28,50]
[73,79,45,35,38,69,58,35,46,21,46,49,82]
[66,72,52,83,43,63,78,79,54,35,70,23,26]
[33,52,43,65]
[75,37,43,56,35,22,82,29,24,60,77,75,34,39,20]
[27,82,36,40,40,37,30,30,53]
[47,97,71,89,73,68,62,36,87]
[44,76,76,79,60,66,14]
[7,50,43,27,84,66,43,16,24]
[50,27,74,52,30,87,33,46,85,85]
[62,79,51,45,44,20,46,38,72,4,69,20,75,93,78,54]
[38,33,51,38,27,97,23,71,21,68,23]
[48,11,46,5,65,68]
[58,69,86,52,61,73]
[29,77,46,57]
[66,53,24,37,80,46,63,26,79]
[67,22,44,35,78,54,68,38,41,23,63,71,57]
[49,37,63,36,21,80,45,63,61,78,72,19,27,57]
[46,57,57,33,43,11]
[33,49,71,27,64,67,72,42,33,36,24,20,80,75,53]
[78,98,39,36,77,77,78,62,22,52,66]
[92,69,71,35,20,78,54,64,76,68,31,65,70,72]
[34,41,40,88,78,58,38,101,78,68,22,17,82]
[88,4,78,20,76,52,47,59,65,32,5,36]
[53,76,27,35,49,5]
[44,8,24,92]
[43,32,91,4,43,50,40,97,23,76,63,76,77,79,69]
[44,36,8,24,28,69,80,91,64,45,55,29,64,51,46]
[51,29,25,98,34,34,70,93,30,83,38,26,37,65,60]
[57,12,31,37]
[35,45,66,81,90,70,74,36,76,50,77,84]
[43,42,57,65,84,71,54,72,60,52,38,88,22,45,13,35]
[85,65,12,30,48,87,73,52,38,65,58,100]
[70,22,94,64,77,77,56,51,60,82,34,60,84,35,35]
[47,70,69,35,32,90,46,71,60]
[43,74,51,53]
[63,31,31,89,38,39,42,51,41]
[54,52,85,62,50,29,36,57,100,47,65,25,73,65,42,40]
[96,23,32,63,6,24,82,70,65,59,95,42]
[89,29,60]
[25,29,24,72,78,13,61,89,90,35,63,45,61,59,74,73]
[95,36,53,41,69,22,49,25,51]
[29,54,14,63,77,79,34,85,78]
[51,84,22,47,44,81,81,33,4,81,36,64,39,49,44,73]
[58,69,52,26,79,72,72,69,38,65,35,72,39,6,84,71]
[46,93,61,29,49,32]
[31,67,54]
[36,55,66,92,78,79,13,75,32,26,25,6,64]
[52,21]
[10,89,83,63,63,35,29,77,40]
[66,91,70,9,46,35,67,40,19,68,54,20]
[52,37,38,39,100,32,57,63,64,43,15,55,60]
[32,85,73,67,37,70,15,61,28,35,44,79,95]
[44,27,21]
[22,76,71,61,73,38,46,68,75,63]
[81,80,58,90,90,34,87,22,47,99,50,39,37,29,96,69]
[81,65,30,90,19,83]
[47,37,31,40,69,51,62,42,34,25]
[75,38,45,38,101,35,15,56,65,42,45,42]
[80,30,39,74,72,65,50,2,21,85,47]
[35,38,87,43,34,101,47]
[70,64,55,33,32,88,48,68,66,52,86,14,40,48,47]
[66,92,19,15,37,87]
[66,21,74,78,71,10,100,32,64,63,66,37,68,35,48,53]
[66,2,45,91,36]
[93,73,97,59,59,27,44,91,44,18,23,98]
[51,62,54,65,67,31,37,88,36,51,62,37,28]
[72,29,61,61,40,73,91,51,73,42,67,29,55,92,91,30]
[40,25,54,38,85,99,42,59,43,87]
[29,84,70,87,69,91,47,53,30,50,24,33,73,66]
[80,31]
[69,58,24,87,26,27]
[91,95,32,39,77,79,28,56]
[36,22,79,84,76,58,54,24,71,24,29,57,45,101,56]
[88,81,51,80,20,72,42,49,66,94,84,81]
[83,59,64,25,79,32,42,69,101,57,85]
[88,47,22,36,41,73,65]
[70,43,37,22,43,67,80,94,70]
[51,61,70,64,21,51,5,41,66,100]
[44,79,85,28,49,34,37,83,27,52,20,32,72,79,54]
[56,84]
[60,4,22,61,46,38,67,66,69,57,88,29,60,69,44]
[71,91,37,31,34,31,68,87,62,70,82,65,30,38,42,37]
[35,51,24,94,82,88]
[46,89,20,26,41,77,36,13,75,73,42,95,88,79,46,55]
[80,20]
[20,50,35,49,28,90,54,57,4,83,50,46,88,43,49,31]
[85,24,79,77,47,85,43,35,21,88,87,61,39,81,44,6]
[25,68,71,64,83]
[51,59,82,28,89,76,53]
[25,90,31,35,32,41,62,71,39,82,52,56,29,90,21]
[44,63,31,36,59,70,39,55,22,9,72]
[79,25,63,42,35,46,54,82,65,71,48,79,75,87]
[50,59,23,38,17,71,47,63,47,34,44,33,83,80,79,55]
[91,31,71,56,44,86,71,36,74,90,50]
[54,70,47,34,70,68,47,74,74,46,71,49,87]
[36,79,81,96,68,23,89,21,73,44,15]
[59,78,88,76,70,22,36,63,38,87,37,73]
[89,45,28,42,32,85,81,68,53,81,20,35,39]
[70,46,23,77,81,68,35,81,68,96,59,75,61,81]
[31,82,47,22,31,95,70,70,44,30,15,26]
[35,39,20,27,28,81,83,70,86,56]
[62,45,42,83,75,49,60,90,45,33,40,41,80,24,14,75]
[42,54,54,10,68,50,64,36,48]
[65,54,29,63,46,71,58,70,83,66,19]
[77,65,25,95]
[56,50,34,74,21,91,61,83,86,61,18,11,14,99,32]
[92,60,80,80,84,67,80]
[33,73,33,87,65,23,26,95,36,92,61,79,39,6,83,86]
[70,52,79,42,79,3,53,75,31,71,85]
[56,101,69,47,33,57,82,48,82,40,32,56,46,35,19,41]
[46,69,29,25,43,92,101,55,60,80,32,73,50]
[18,68,21,62,28]
[45,51,46,67,56,54,60,27,53,44,58,50]
[83,18,7,10,47,86,32,9,80,50,36,77,38,86,55,91]
[81,81,39,23,43,83,76,99,97,69,48,78]
[89,55,18,85,61,42,67,54,88,82,56,50,81,71,80]
[51,72,64,68,21,70,89,29,64,49,71,57,88]
[6,71,46,89,81,53,93,57,32,33,48,42,67,87]
[27,53,74,91,5,97,52,45,40,81,34,52,26,67,26]
[67,96,51,57,18,22,19,75,80,41,48,68,81,32,49,46]
[74,24,73,27,55,32,91,56,55,87,47,45,46]
[77,67,8,19,38,43,65,39,45,32,67,51,74,83,83]
[78,41,34,69,49,35,83,49,67,79,36]
[75,45,29,29,70,81,61,86,76,97,79,43,75,71,50]
[37,48,37,45,55,64,38,78,37,21,2,15,39,73,35]
[91,47,36,83,44,44,92,27,25,32,52,16]
[84,37,57,53,46,49,46,56,57,73,40]
[45,22,35,25,40,89,12,47,49,55,34,82,69,45]
[72,48,56,36,68]
[65,71,40,52,43,86,41,62,54,53,78,99]
[40,83,92,29,60,25,82,68,39]
[51,85,70,74,42,47]
[36,25,34,73,11,66,23,53,34,77,35]
[74,15,71]
[81,47,69,37,76,80,40,86,59,49]
[70,69,43,56,70,48,71,69,47,58,84,31,40]
[56,56,49]
[44,53,94,6,85,80,48,72,44,75,72,68,57]
[34,82,52,86,27,49,28,96,53,66,65,52,56,66,44]
[40,84,45,58,92,89,37]
[94,55,65,93,93]
[2,77,27,85,62,32,82,47,58,65,81,19,59,74,86,85]
[20,10,46,47,47,88,82,45,90,29,49]
[36,42]
[58,59,27,31,31,47,59,69,81,89,47,31]
[25,44,73,39,91,57,54,76,99,73,34,28,90,49]
[36,43,66,40,75,60,71,45,53,89,15,48,26,66,70,20]
[82,28,27,5,27,33,52,30,33]
[53,90,82,85,60,30,27,83,15,82,80,43,90,101,83]
[76,56,70,93,62,28,90,29,75,89,71,47]
[54,25,66,29,39,80,64]
[27,37,80,63,87,66,35,95]
[73,60,55,14,99,91,58,37,71,82,42]
[27,90,59,80,82,60,56,56,35,38,18,43,20,37,41,28]
[40,33,57,38,61,82,10,31,86,79,92,57,72,24]
[41,76,52,45,100,60,97,40,45,98,46,27,84,93,40]
[21,24]
[45,48,16,44,53,39,76,14,48,46,47,84,57,39,33,49]
[61,61,48,69,90,61,14,100,47,78,27,77,33,11]
[68,40,70,52,94,56,23,59,40,30,82,65,62]
[40,39,70,14,49,44,72,28,68,70,30,72,66,47,46,69]
[25,67,86,52,67,75,74,14,80,68,45,5,33,76,78]
[66,69,74,69,46,29,39,45,40,76,76]
[40,77,36,23,41,73,90,87,64,40,33]
[87,58,44,76,45,74,87,89,75,73,63,57,88,57,40]
[23,45,18,76,41,41,22,55,86,87]
[74,15,72,42,63,50,31,30,55,17,49]
[35,36,90,65,60,95,35,70]
[59,49,63,90,93,67,82,37,65,54]
[47,77,32]
[61,39,89,62,35]
[38,65,76]
[44,46,63,26,33,19,73,55]
[70,70,27,28,18,28,58]
[52,29,86,77,95,85,80,32,27]
[68,33,39,80,66,10,72,57,72,36,68,39,63,44]
[56,13,65,50,75,55,67,21,66,72,65,63,49,43,19,38]
[67,76,62,81,70,63,44]
[52,66,96,23,36,34,65,45,70]
[33,35,35,27,58,79]
[24,74,54,9,70,35,69,74,56,29,55,89,52]
[47,81,67,79,30,30,50,48]
[81,43,68,20,48]
[53,62]
[17,60,36,35,81]
[75,20,65,31,86,42,28,70,50,42,19,62,66]
[28,52,84,84,53,81,48,85,29,76,41,73,92]
[22,52,93,47,94,44,62,55,19,15,82,38]
[66,56,47,34,54,71,44,35,39]
[31,22,26,34,74,97,49,66,51,86,87,43,14,20,24,74]
[71,47,46,24,41,44,49,47,74,42,76,32,53,43,58]
[62,56,9,98,74,64]
[39,67,59,36,44,79,16,10,58,40,44,63]
[80,50,37,41,22,26,48,57,56]
[44,88,71,60,80]
[28,44,47,45,54,32,82,35]
[33,68,26,36,75,53,8,66,8,9,95,100]
[29,41,68,45,24,34,52,90]
[52,46,57,3,26,61,70,38,71,39,47,62,70,69,44,30]
[93,66,43,48,96]
[4,68,98,51,65,86,77,43]
[59,52,81,61,57,86,74,32]
[90,49,18,51,88,56,35,26,95,22,47,83,73,19,45]
[39,52,91,56,90,23,86,65,40,22,26]
[18,62,30,43,75,80,34,67,46,96,79,42,46,81,54]
[82,44,52,54,66,37,44,49,66]
[79,73,68,87,50,65,79]
[37,78,57,74,85,40,89,84,73,35,52,88,85]
[39,83,45]
[83,49,33,81,90,52,84,87,99,46,70,43,17,81,95]
[25,64,67,64,97,38,71,61,26,60,26,62,76,41,12]
[62,81,63,45,43]
[44,84,7,35,99,74,84,80,58,83,89,44,93,44,67,38]
[75,63,72,82,66]
[86,76,22,72,68,76,75,47,71,51]
[64,80,25,51,68,75,46,25,86,63,26,39,89,42]
[65,85,66,37,30,76,55,43,80,82,70,55,49,23,27,22]
[57,47,55,44,25,82,70,16,61,96,53,84,71,42,67,47]
[91,15,83,77,65,85,79,49,40,22,73,68,61,43,88,2]
[36,24,59]
[19,48,41,60,43,86,72,64,71,64,21,57]
[76,92,36,60,31,65,77,21]
[29,67,10,74,71]
[67,75,82,65,24,73,28]
[18,66,17,101,82,66,27,91,41,46,48,22,19,60,33]
[52,30,21,84,89,84,14,6,16,23]
[94,51,25,65,57,64,17,51,93,49,16,72]
[33,77,83,72,58,76,82,68,79]
[74,95,49,39,78,75,39]
[69,46,92,48,61,46,76,42,37,91]
[46,74,30,75,66,78,74,72,63,74,67,73,86,51,61]
[98,68]
[68,14,48,31,99,53,64]
[45,29,76,75,68,76,76,66,76,20,45,47]
[31,68,83,77,101,51,46,100,65,68]
[51,80,24,97,62,58,39,61,57,41,76,14,85,32]
[36,93,46,60,47,39,39]
[61,82,51,61,87]
[73,73,31,27,16,34,47,81,4]
[21,55,79,62,33,77,41,54,85,42,55]
[23,78,82,83,80,57,31]
[70,32,34,46,73,34,24,94,42,75,40,10,86,81,55]
[93,46,86,77,84,69,50,46,67,26,41,60,58,62,75]
[85,48,27,29,52,49,93,76,26,28,44,30]
[71,74,71,84,55,61,41,27,94]
[71,34,98,59,45,85,35,82,44,77,29,39,90]
[18,38,98,17,33,71,88,71,71,4,54,51,71,37,82,72]
[48,38,30,37,34,64,77,52,97,51,42,72,77,36,53,101]
[75,46,43,55,77,72,15,31,30,56,55,67,44,41,80]
[39,82,49,92,21,78]
[62,42,16,60,42,35,12,20]
[43,72,55,42,32,73,23,37,21,48,39,60,64,26,63]
[74,80,80,13,43,82,45,40,55,47,73,49,72,66,57,27]
[88,57,75,78,37,30,66]
[65,23,31,96,29,80,59]
[65,44]
[59,33,67,93,30,61,19,45,71,99,43,20,58,34,26]
[82,40,49,48,73,47,16,47,71,77,83,43,39]
[27,55,69,63,64,9,63,80,79,63,60,20,15,45,87,79]
[52,75]
[49,54,58,43,50,64,90,91]
[78,25,94,28,23,52,44]
[78,91,37,49,37,93,52,75,79,27,52,75,68,43,76]
[39,39,58,38,70,40,17,16,13,11,36,63,50,39,11,44]
[73,51,21,81,18,45]
[49,73,91,46,81,71,91,36,48,32,95,45,68]
[81,41,42,62,76,55,70,44,4,93,53,69,45,67,42,24]
[47,41,71,19,18,90,31,30,36]
[20,65,39,43,27,18,34,69,62,50,72,39,70]
[61,35,61,19,44,13,32,81,82,31,65,34,79,26]
[71,87,63,75,86,42,80,57,23,54,56,67]
[52,76,80,37,90,42,67,40,82,44,30,70,74,31]
[41,57,30,17,2,79,32,67,20,87,33,66,50,88]
[66,80,62,67,87,62,61,61,9,49,40,34,21,29,58,43]
[27,73,56,67,40,38,39,69,44,72,40]
[33,89,58,62,99]
[78,31,97,42,53,100,74,67,21,41,64,37]
[68,64,75,87,54,39,91,39,84,71,32,74,78,59,93,57]
[72,66,27,22,38,30,56,68,73,33,77,31,56,89]
[47,73,31,21,39,65,66,41,83,52,55,34,58,61]
[27,68,3,83,97,57,46,33,91,24,52,50,12,91,88]
[68,78,49,85,26,65,60,71,37,85,39,63,46,64,38]
[53,95,14,45,24,81,68,82,87,86,68,35,66,48,67]
[71,67,38,89,62,59,38,86,89,41,24,65,96,81]
[48,50,9,73,18,68,73,72,27,65,90,55]
[68,42,78,31,62,35,77,27,83]
[42,89,32,74,49,25,77,68,82,80,70,46,89,51]
[76,78,80,65,95,86,48,70,27,64,84,26,59,30,79,83]
[67,69,68,34,22,51,27,15,61,68]
[21,84,76,31,10,34,74,21,8,28,94,47,51]
[37,28,37,43,73,73,63,46,75,61]
[68,66,54,26,75,82,68,60,97,88,21,86]
[35,28,58,44,48,54,33,59,63]
[26,86,45,27,40]
[88,68,36,48,69]
[31,58,73,41,80,35,60]
[55,47,68,46,53,79,36,59,31,97,65,87]
[53,41,25,18,67,74,97,85,6,39,35,46,73,82,20,18]
[90,24,52,62,28,33,84,28,41,70,91,32]
[66,45,61,23,58,81,27,45,71]
[69,11,51,87,81]
[61,77,44,77]
[72,28,54,39,61,49,82,49]
[3,88,64,64,14,47,45,26,74,35]
[25,84,92,49,37,77,50,50,101,60,28,56]
[48,51,91,77,39,93,21,80,25,30,34,71,48,2,101]
[57,45,29,63,50,16,40,17,91,28,36,74,89,55,22,69]
[64,15,13,25,75,54,25,42,26,20,34]
[42,99,51,23,30,67,94,65,77,37]
[100,24,36,60,66,72,88,27,33,66,36]
[99,56,52,41,42,94]
[86,12,65,58,58,44,30,95,43,45,65,95,70,61]
[44,57,31]
[37,31,51,30,88,42,41,32,27,76,71,74,38,53]
[88,20,36,40,75,71,54,35,51,70,94,59,83,58,32]
[45,76]
[79,81,12,22,33,74]
[63,86,79,53,99,31,93,37,28,81,33,85,76,79,14]
[90,73,40]
[40,63,83,71,76]
[36,8,71,62,19,37,59,64,89,64]
[90,34,47,94,57,71,25,30,69,86,47,54,37]
[43,87,53,76,48,91,99,92,43,82,13]
[98,74]
[36,20,86,56,94,79,70,59,57,31,27,50,66,39,31]
[86,58,41,43,51,64,38,98,92,66]
[64,89,83,36,98,77,38,37,98]
[67,99,35,93,32]
[72,70,56,51]
[69,59,42,71,38,59,37,74]
[70,80,54,69,75,39,65,80,85,74,19,51,14,40]
[59,26,73,69,66,53,38]
[62,41,70,92,94,27,89,83,65,80,70,38,84,63]
[65,55,48,75,59,62]
[83,33,69,59,49,87]
[44,41,60,72,28,84,83,63,34,41,74,49,33,83,42]
[58,38,84,38,36,11,46,65,74,25,41,36,71,50,40]
[84,51,24,43,43,79,68,85,39,60,94,33]
[53,15,40,16,38,95,74,77,78,36,29,45,48]
[62,63,77,43,90,88,8,84,88,65,89]
[41,35,89,60]
[100,39,61,14,63,42,24,53,59,70,66,44,23]
[78,21,19,66,61,99,68,79,45,86,35,26,23,77]
[42,52,66,54,62,61,48,79,31,81,83,19,54,47,79]
[32,16,31,35,85,73,60,66,90,58,66]
[79,36,27,51,79,36,65,51,58,92,74]
[33,22,58,47,70]
[87,45,84,77,33,56,56,47]
[53,48,41,45,71,50,79,48,8,54,70,45,59,44,68,32]
[63,44,50,87,63,87,43,82,14,82]
[35,48,25,23,33,74,44,20]
[68,78,39,22,58,51,46,28]
[36,60,80,40,91,65,43,39,82,39,27,43,64,34,58]
[69,76,46,58,42,98,42,62,22,53,49,27,74]
[64,45,58,75,41,68,44,18,25,75,56,66,26]
[52,61,53,21,91,72,61]
[53,24,40,32,62,76,40,40,60,43,85,68,74,43]
[76,10,70,85,79,81,31,40,87,57,55,40,14,77,42]
[62,76,63,58,23]
[85,37,41,67,71,48,49,64,66,57,64,88]
[32,54,26,31,63,83,38,67,38,83,37,54,64,55,38,37]
[29,71,94,62,87,35,74,63,45,57,24,37]
[50,17,5,68,59,66,53,87,38,64,53,35]
[66,90,67,46,45,47,27,58,32,74,43,45,100,64,45,83]
[23,76,80,65,47,41,97,45,17,93]
[73,57,75,65,50,60,15,35,55,33,67,67,98,27,85,55]
[42,7,90,55,46,15,100,83,76,88,33,78]
[30,48,18,89,83,84,72,61,4,74,12,56,51,38,60]
[38,68,76,63,83,71,51,82,62,25,94,44]
[63,100,59,76,59,34,31,69,61,59]
[72,29,52,74,59,61,79,38,52,75,79,25]
[18,41,72,83,76,62,42,23,29,62,33,53,95,76,83,50]
[62,26,44,26,42,52,94,41]
[62,69,81,62,32,59,66,77,65,44,70,59,64,64,91]
[40,61,81,28,82,79,68,83]
[72,54,38,73,70,29,2,47,49,60,82,26,43]
[45,72,62,42,47,47,46,88,38,43,25,31,14,25,50,12]
[83,72,64,68,87,65,77,72,47,44,66,69,31,50,98]
[38,56,89,72,85,96,56]
[73,71,56,21,37,63,61,63,90,46,31,58,93,89,46]
[26,12,61,25,30,69,16,22,45,93,80,39,58,49,58,58]
[58,27,32,29]
[59,46,77,101,48,31,37,35]
[48,74,68,71,26,45,75,53,59,41,94,56,24,83]
[74,60,60,63,75,49,28,44,80,98,86,49,48,47]
[93,28,84,66,58,21,33,29,50,54,68,46,51,39]
[95,52,40,47,58,51,60]
[58,69,22,42,46,73,40,78,80,75,23,69,94,67,59,30]
[48,58,39,81,62,86,37,24,40,27,72]
[73,66,8,75,81]
[82,39,62,25,31,19,18,83,41,98,67]
[48,51,83,17,37,34,44,75,35]
[93,53,21,66,80,77,85,88,30,56,26,67,36,12]
[76,27,38,36,77,39,65,87,35,52]
[67,41,52,44,96]
[46,11,36,86,30,97,57,101,60]
[60,63,60,88,92,33,49,21,70,41,41,22]
[69,75,62,28,91,59,69,46,26,55]
[40,84,68,49,92,69,71,63,85,88,75,61]
[75,73,19,57,60,55,26,78]
[80,47,77,28,33,45,98,20,67,60,8,72,85,45,61,52]
[71,96,86,8,96,83]
[79,38,60,59,73,51,25,86,78,54,7,50,26,54,97]
[93,82,52,64,72,81,13,97,57,75,74,69,29]
[81,12,57,23,46,15]
[84,98,32,67,90,66,51,73,70,66,90,67,65,79,53,28]
[51,72,20,68,12,39,52,15,54,61,19,65,80,20,64]
[89,51,59,23,98,73,65,58,74,86,68,65,77,65]
[61,37,17,57,25,70,59,15,32,47,71,12,66,82]
[60,67,58,40,72]
[88,60,22,76,64,58,91,67,50,93,48,65,91,89,62]
[50,49,67,84,72,79]
[23,63,55]
[72,27,85,77,71,33,40,61,25,93,43,29]
[47,63,51,10,16,66]
[15,82,90,48,78,81,56,61,43,34,34]
[83,38,55,48,53,74,26,25,49,91]
[48,62,42,94,73,34,64,70,47,30,15,38,58,38,41]
[62,65,11,19,29,84,43,43,62,62,42,29,39,58,99]
[80,69,38,28]
[47,46,93,20,55]
[41,21,45,88,50,51,98,50,71]
[30,91,55,76,77,8,63,36,35,72,53,49]
[76,99,51,60,78,55,72,71,44,83,54]
[88,38,79,51,90,80,40,21,70,89,23,78,84,77,80,29]
[53,57,70,75,34,68,16,8,39,75]
[61,32,51,26,77,68,83,77,37,74,63,42,39]
[33,31,21,22,47,67,48,64,40,59,34,50,84,29,45,67]
[20,99,48,49,24,64,45,74,56,75,73,86,29,21]
[44,47,89,43,53,92,66,33,13,46,76,50,53,62,42,74]
[81,69,27,12,26,56,25,24,66]
[59,16,46,58,41,67,63,67,41,42,20,45,88,66]
[44,27,29,43,37]
[38,96,46,25,16,34,89,27,22,58,29,64,75]
[77,68,74,74,4,40]
[23,20,78,86,76,98,19,79,29,58,23,31,22,51,6,28]
[49,32,49,92,45,51,42,36,50,29,36,71,40,63,19,51]
[15,46,35]
[63,29,38,57,55,54,76,39,41,15,92,48,43,56,49]
[51,62,52,50,49]
[32,45,38,74,66,59,80]
[84,86,63,52,42,40,45,20,80,72]
[39,35,59,43,71,88,7]
[56,75,65,91,29,35,45,75,13,42,27,75,68]
[83,69,81,40,52,65,29,87,44,67,60,51,44]
[54,55,57,72,28,77]
[27,19,37,30,81]
[81,44,79,71,25,40,71,52,71,72,58,87,78]
[55,80,52,26,36,54]
[36,72,69,70,97,63,74,8,57,70]
[33,61,31,53,66,38,13,32,80,22,81,75,63]
[38,68,48,97,30,43,66,68,72,75,23,46,61,29]
[29,80,53,82,68,48,44,50]
[80,5,44,27,67,39,93,95,71,95,60,30,40]
[30,59,48,73,52,69,18,74,84,14,74,63,13,76,28]
[46,78,46,59,94,94,26,40,48,64,89,48,35,67]
[66,46,30,19,81,26,82,66]
[31,41,95,16,30,33,29,45,58,95,30,77,86,41,45]
[22,75,64,66,53,51,49,79,80,63,18,26,12,53,60]
[91,69,80,97,43,100,45,71,30,64,86,56,21,23,55,52]
[40,22,39,30,52,74,55,55,34,71,40]
[72,25,69,11,31,56,30,37,50,24]
[50,37,75,74,19,47,41,50,80,52,61,87,62,37,17,77]
[78,50,14,56,94,58,58,89,36]
[70,61,92,43,32,64,64]
[40,79,49,60,84,29,70,16,34,21,80,59,32,89,32,67]
[98,39,69]
[77,42,71,57,29,80]
[6,49,64,60,79,50,90,33,14,83,66,90]
[82,31,28,48,37,31,27,86,79,79]
[78,50,67,89,76,24,48,43,40,65,98,27]
[76,30,91,66,63,9,38,70,48,25,89,60,62,36,49]
[25,80,23,58,46,77,25,61,45,29,61,11,62,63]
[73,89,38,71,54,32,56,76,76,69,66,86,55,36,63]
[33,34,84]
[91,68,97,69,44,79,34,34,88,72,45,71]
[86,64,34,94,75,63,52,76,57,45,29,77]
[55,36,73,93,48,34,15,78,44,37,57]
[89,58,67,43,40,30,23,50,36,90,99,55,50,18,67]
[84,35,37,94,37,58,29,77,14,92,93,97,44,65]
[61,60,19,77,37,68,64,75,35,39,97]
[83,59,10,16]
[89,74,34,51,66,60,87,14,49,57,58,53,46,44,76]
[39,77,49,47,58,76,47,39,77,88,70,39,27,8]
[20,82,35,52,30,67,67,23,61,51,63,6,22,70]
[44,38,18,76,94,44,73,77,54,75,36,79,55]
[80,67,81,43,32,60,93,96,48,75,60,33,82,66]
[21,39,17,57,95,81,100,27,74,65,78,25,57,76,55]
[72,89,81,11,91,81,25,29,64,91,75,66,71,67,61]
[33,80,44,42,67,31,87,52,71,65,28,21,66,74,51]
[63,60,44,19,88,67,45,26,61,76,52,39,25,61,55,19]
[70,73,48,76,80,99,40,99,61,76,28,43]
[40,83,21,38,56,81,57]
[38,50,36,4,47,75,84,33,71,32,96,37,21,77]
[61,70,54,69,14,90,43,29,64,60,78]
[58,89,39,69,36,86,71]
[13,38]
[99,54,95,58,77,94,64,70,61,61,4,36,34,40,96,12]
[35,95,70,80,68,45,69,87,95,63,67,24,54,46]
[56,39,33,38,20,44,36,78,33,87,27,87,22,24]
[98,43,23,49,59,25,28,31,54,79,72,46,41]
[39,81,27,42,78,80,51,44,79,40,80,26,41,28,41,29]
[29,69,39,53,34,42,43,93,52,92,63,54]
[33,48,66,26,13,52,26,29,54,11,55,59,37,94,63]
[83,77,49,40,19,76,41]
[80,58,44,90,25,39,55,86,49,55,50,66]
[101,47,59,82,80,68,51,57,58,67,49,11,74,51,61,64]
[40,62,36,61,37,72,49,55,32,99,90,100,84,91,3]
[79,81,82,74,53,27,29,4,26,44,73,55,34]
[17,46,35,100,44,63,27,75,70,80,39,28,13,24,66,63]
[45,44,74,76,30,64,77,76,60,49,69,16,33]
[49,90,60,36,55,43,84,48,72,67,44,52,24,84,59,92]
[70,36,68,74,81,98,86,39,29,90,42,80,57,72]
[38,93,49,72,81,46,25,69,74,73,77,34,33,37,71]
[53,42,70,45,65,20,69,26,21,30,75,19,90,64,52]
[97,75,71,53,81,47,84,5,58,96,39,66,11]
[60,20,75,62,48,61,14,54,48,57]
[66,63,89,93,26,87]
[48,32,31,11,42,67,61,54,79,35]
[52,66,80,92,61,37,72,10,35,58,49,32,47]
[41,44,69,56,26,18,39,87]
[51,47,53,33,72,90]
[46,33,14,54,94,79,47,56,44,38,17]
[22,38,34,14,50,78,94,72,34,55,86,31]
[22,49,62,50,45,75,76,33,30,53,24,28,26,45]
[49,84,84,40,11,27,38,72,42,52,97,78,83,87]
[42,32,67,72,33,31,75,33,44,75,34,69,91,76,3]
[94,54]
[97,36,32,89,77,20,52,73,49,44,75,32]
[28,94,42,69,74,51,25,51,12]
[39,12,90]
[37,29,52,27,23,94,39]
[71,80]
[39,58,35,63,76,9,52]
[75,35,59,76,77,35]
[95,73,41,5,61,74,46,34,61,74,22,95,57,56]
[79,41,24,59,89,63]
[89,79,28,79,67,67,85,43]
[24,30,92,20,27,70]
[85,68,70,46,80,85,69,47,49,65,21,52,73,73,52,76]
[77,64,16,78,81,24,19,73,80]
[80,90,54]
[26,79,51,58,98,86,26,61,40,77]
[25,46,26,36,64,69,86,44,42,19,53,83,36,69,12,49]
[90,65]
[66,49,37,50,87,78,57,69,11,49,60,45,34,24]
[80,74,24,24,76,29,52,89,32,25,97]
[80,42,85,66,40,46,35,76,65]
[58,50,74,64,90,35,56,54,63,75]
[44,24,80,14,28,25,75,76,38,87,30,83,64,35,69]
[89,83,67,89,60,85,37,24,24,46,29,22,18]
[71,72,35,85,52,51,82,41,59,19,63,35,35,37,60]
[77,23,45,58,40,73,29,56,31,61,54,44,37,69]
[69,53,51,56,48,88,73,92,75,75,32,54,44,39,57,29]
[39,53,50,73,34,96,16,28,37,60,45,70,15,100,76,41]
[50,80,26]
[26,47,74,62,23,61,39,84,29,42,49,65,78]
[94,78,72,23,30,93,29,44,40,55]
[74,58,48,29,66,84,46,59,27,79,24]
[55,49,61,35,31,71,52,70,12,67,38,57]
[41,12,70,54,14,16,37,91,42,76,30,52]
[44,99,16,44,66,55,29,29,34,35,55,44]
[70,55,50,25]
[24,57,48,93,29,94,54,30,83,34,60]
[41,41,42,27,59,63,85,18,96,77,57]
[23,65,71,22,9,76,46,91,33,96,10,38,45,25,40]
[57,8,66,68,45,65,39,19]
[40,63,24]
[31,72,77,38,68,58,91,52,51,36,34,37,68,66,86,45]
[39,62]
[40,45,57,49,91,74,70,56,34,98]
[47,56,63,68,33,67,49,83,56,14,38,93,57,69,33,89]
[35,66,19,65,25,55,82,72,28,85,63]
[15,100,68,15,51,50,13,38,36,31,34,26]
[35,98,51,69,81,67,67,59,32,71,21]
[84,43,48,61,49,64,86,101,100,51,81]
[59,33,77,95,35,84,51,54,40,78,62,63,26]
[25,81,63,60,19,59,64,53,97,64,12,36,63,64]
[66,39,100,77,47,98,75,46,40,79]
[86,88,36,32,60,48,59,61,20,74,55,82,22,61,77]
[53,85,35,69,18,48,34,49,32,80]
[45,31,101,86,40,68,55,81,40,86,38,82,89,98]
[18,54,4,42,40,87,95,27]
[32,65,18,88,69,13,11,61,53,55,62]
[44,44,77,35,61,29,63,71,56,65,49,21,12,28,39]
[94,76,60,46,91,42,48,91,37]
[78,70,29,72,91,31,87,69,40,56,31,78,45,41,85]
[83,37,21,92,65,34,65,75,20,43,61,76]
[43,91,41,88,24,49,79,65,51,15,89,41,37]
[30,28,63,23,46,91,62,27,76,27]
[67,79,92,57,47,46,42,17,19]
[71,60,46,82,37,46,56,92,29,82,82,70,35]
[55,62,37,27,50,40,40,76,56,55,53,29,29,39]
[39,50,71,32,86,54]
[28,95,96,69,76,76,42,62,43,48,72,49,85,58,45]
[47,88,49,78,21,24,28,59,80,58,60,50,51,100,97,64]
[29,39,62,18,56,32,21,19,41,64]
[59,50,45,61,69,41]
[50,47,44,79,27,72,87,50,24,50,15,73,31,24,61]
[59,74,49,43,37,81,32,78,94,78,64,65,20,7]
[20,53,95,44,22,22,65,71,76,83,56,50,27,71,50]
[71,94,96,54,86,75,62,79,31,62,46,63,82]
[86,13,37,75,26]
[69,48,77,32,25,70]
[36,64,83,83,7,16,85,82]
[75,73,70,39,29,25,57,75,95,46,64]
[32,83,29,97,58,60,31,36,75,16,19,38,92,59,84,30]
[59,35]
[38,36,45,70,46,57,11,18]
[29,30,66,88,26,9,78,56,54,26,91,89,76]
[48,50,51,18,65,57,65,35,85,24,58,58,55,78]
[80,83,34,68,56,69,47,53,78,52,74,49,88,59,54,68]
[40,79,85,42,46,30,39,29,43,67,64,30,61,89]
[94,81,46,71,68,81,39,90,62,26]
[53,79]
[27,65,64,50,61,60,68,86,89,62,76,55,71,45,53,40]
[72,84,58,57,80,20,12,73,82,71,64,32]
[21,28,56,32,42,15,43,78,32,34,22,91,54,46,22,33]
[32,92,29,49,82,101,49,81,41,44,45,57,83,57,89]
[48,32]
[98,78,32,39,53,45,83,15,35]
[60,48,17,60,60,46,24,70,15,92,21,76,38,48]
[70,48,41,37,91,57,77,75,11,43,41]
[83,17,62,67,79,87,83,74,75,39,89,37,39,45,93,47]
[45,94,80,73,29,59,83,65,60]
[71,66,86,76,49,34,79,16,50,51]
[55,48,53,79,36,33,74,40,29,26,46,43,71,41,96,63]
[63,84,83,34,85,79,65,81,70,40,50,70,80,99]
[58,68,51,93,22,20,50,80,46,82,11,90,58,71]
[73,61,61]
[71,46,67,48,51,44,75,66,58]
[82,47,52,29,35,66,64,33,37,80,76,65,53,38,45]
[75,35,61]
[48,31,52,47,56,61,37,52,46,67,65,70,36,25,16]
[74,62,48,59,55,59,31,7,73,70,56,77,58,91]
[28,44,84,42,53,69,97,50,32,79]
[79,70,59,56,78,51,21,83,50,69,62,32,18,86]
[32,56,19,61,26,67,38]
[29,33,49,69,59]
[59,81,18,78,30,94,50,28,33,28,59,32,83,41,47,25]
[51,34,46,87,51,38,56,72,78,61,33]
[53,75,31,66,71]
[52,22,37,57,22,33,80]
[91,50,56,66,76,71,62,93,54,91,39,77,38]
[97,30,100,43,63,57,99,72,68,85,80,19,50,32,29]
[95,61,52,62,26,27,56,54,83,37,88,35]
[84,74,22,38,73,18,47]
[73,22,52,44,32,32,41,27,67,70]
[78,75,86,42,93,52]
[45,53,4,64,81,34,83]
[48,72,50,44,52,49,47,37,78]
[68,87,77,21,60,64,12,14,62,37,61]
[76,61,57,21]
[84,63,42,70,70,48,27,64,34,20,91]
[34,77,60,80,38,33,55,99,38,96]
[70,61,88,29,57,42]
[64,24,65,13,89,27,52,48,54]
[79,44,86,41,69,45,98,61,101,43,84,26,25]
[69,79,39,71,85,41,35,57,37,53,11,98,60,50,44,46]
[60,64,44,71,38,18,87]
[46,50,37,14,35,31,57,65,31,55]
[36,65,25]
[65,75,31,60,24,31,49,32,37,47,72,30,46,39]
[26,28,76,72,69,52,4,63,60,79,57,34,31,66,49,14]
[71,70,73,34,68,46]
[60,82,89,28,58,95,62,76,66,66,9,79]
[76,73,79,48,49,78,41,49,68,59,76,68,59,47,68,55]
[44,50,37,62,50,55,75,17,34,54,36,83,36,56,12,91]
[40,44,53,61,82,75,31,41,54,57,88,43,40,23,77]
[37,76,36]
[14,63,31,54]
[75,36,30,84,47]
[69,91,16,62,64,42,16,83,44,56,94,22,56,2]
[38,54,77,50,51,75,46,43,25]
[82,80,47,55,81,68,42,85]
[52,53,78,28,32,27,47,82,73,76,50]
[84,72,27,71,84,68,62,19,65,53,29,48,55,31,42,65]
[84,63,61,27,77,39,43,55,80,63,38]
[20,41,88,48,65,67,80,83,59,71,69,91,63,56,95,72]
[93,39,68,65,74,87,76]
[63,89,56,70]
[41,64,37,67,29,42,30,65,67,38,8,47,37,59,87,57]
[72,46,81,77,9,82,80,33,68,60,39]
[56,39,60,39]
[88,27,74,67,30]
[92,72,22,69]
[59,29,40,20,24,63,88,22,46]
[56,60,46,34,68,72,67,39,83,82,44,80,43,85]
[66,48,75,63,77,85,40,66,85,19]
[63,54,38,36,77]
[33,10,41,95,4,33,36,74,36,19,56,70,59,95,44]
[52,18,51,39,43,25,67,5,51,35,33,73,70,67]
[51,46,81,28,91,61,76,80,57,55,92]
[69,32,50,48,67,44,45,35,61,64,43,32,97,63,26]
[39,29,44,74,67]
[53,63,38,28,63,14,54,32,66,52,55,76,70,97]
[84,30,49,80,88,76,75,42,18,41,79]
[19,64,86,68,83,48,24,65,81,46,58,27]
[44,46,12,43]
[70,93,74,73,18,35,82,42,92,43,75,57,81,53,7,88]
[88,62,87,66,69,35,81,63,64]
[53,75,44,54,39,76,66,94,64,34,83,35,91,30,82,31]
[70,80,89,53,31,91,32,24,60,34,53]
[93,23,67,34,93,70,72,49,63,41,44,28]
[60,29,66,67,69,35,58,46,60,89,79,82]
[46,66,63,61,16,62,23,37,26,94]
[82,67,34,39,72,98,62,23,52,5]
[24,14,39,47,69,68,73,86,77,86,61,43]
[40,60,56,56,61,27,41,75,44,85,31,98,40,29]
[59,21,76,89,74,7,80,25,40,40,44,16,64,33]
[35,46,66,61,73,79,80,54,48,13,69,95]
[62,74,82,40,92,50,36]
[61,90,64,79,87,36,84,80,37,57,90]
[68,38,21,88]
[35,43,64,78,66,31,83,77,53,36,86,71,7]
[34,81,23,63,47,38,66,41,45,24,80]
[75,63,23,25,9,50,30,53,68,28,37,61,78,81,94]
[74,33,4,60,90,42,26,42,79,43,41,23,75,95]
[39,86,95,68,58,53,71,72,65,37,30]
[63,63,41,45,10,21,46,96]
[78,28,70,39,64,21,56,58,83,89,77]
[45,86,64,18,69,20,64,52,34,88,71,73,32]
[70,54,81,11,59,83,29,24,38,39,57]
[73,39,48,76,38,77,35,49,73,23,63,45,26,49,77,77]
[90,99,72,53,13,95,24,43,84,69,37,34,74,21,74]
[26,57,39,55,68,101,92,93,81,36,67]
[39,31,64,18,83,88,47]
[38,39,84,41,50,42,94,74,9,93,15,66,73]
[50,74,21,38,38,70,20,41]
[78,46,39,89,23,32,14,66,51,51,44,55,88,73]
[92,66,42,4,66,59,73,18,57,56,38]
[41,41,66,41,43,60,49,77,62,20,68,68,60,64,77,25]
[66,34,74,4,12,69,54,69]
[38,16,71,45,46,39,85,75,28,85,101,71,21]
[37,37,12,82,45,49,50,90,26,72,78,62,56,14,83,66]
[35,47,27,10,96,98,68,50,78,85]
[68,58,34,22,23,89,36,36,84,33,57,66,55]
[53,32,32,40,61,82,60,29,40,101,67,67,60,91,40]
[38,82,40,22,50,13,71,87,45,52,80,58,83,45]
[48,39,75,51,29,30,19,91,21,30,41,79,73,55,57,61]
[40,82,47,72,72,42,44,88,76,35,80,27,79,85]
[55,48,85,21,16,46,51,64,92,94,64,4,30,48,33]
[26,74,81,80,68,43,63,30,83,76,44,55,95,27,79]
[21,55,34,26,72,42,26,35,45,40,34,42]
[45,86,45,68,59]
[30,76,72,75,27,97,70,45,73,66,84,81]
[83,33,49,75,47,61,62,45,42,25,51,73,24,49,40]
[35,74,39,46,56,41,48,53,88,21]
[45,66,57,5,62,63,65,62,68,73,78,73,71]
[76,60,63,46,53,42,40,91,62,73,32,71]
[78,63,72,91,71,86,85,3,60,34,83,64,64]
[26,37,42,70,37,68,76,85,58,25,65,77,71,50,68]
[20,23,83,81,36,88,45,61,53,92,37,65,92,46]
[38,44,75]
[82,36,27,85,58,78,47,30,49,73,33]
[66,48,57,66,43,64,64,66,61,33,43,75,46]
[62,77,31,37,21,17,67,37,65,72,72,88,93,75]
[50,68,33,70,78,53,51]
[57,82,42,60,73,50,61,61,37,83,74,76,41,85,79]
[75,49,38,76,35,54,22,39,43,75,31,44,24]
[16,31,100,43,74,51,91,65,54,52,66,14,81,71,35]
[62,16,92,44,57,84,71,30,74,81,101]
[54,76,37,37,40,67,44,73,16]
[22,36,54,19,57,33,52,70,9,63,80]
[32,60,31,33,32,26,100,27,58,31,62,28,73,33,53]
[59,32,95,51,47,15,30,64,45]
[48,24,98,56,54,68,49,94,53,77,91,88,27,58,40]
[46,47,67]
[45,36,90,60,73,45,81,77,90,6,35,37,32,49,6,11]
[88,45,75,62,81,22,93,37]
[70,37,85,64,64,44,57,48,78,52,83,17,85,89]
[66,89,98,84,32,48,72,57,62,2,71,15,31,29,81]
[76,57,97]
[57,29,79,67,72,38,64,58,86,70,46]
[16,28,58]
[61,44,75,70,64,96,77,49,74,60]
[59,78,27,45,63,67,30,74,85,28,56,59,68,41,84,76]
[77,39,70,36,76,82,79,34,95,39,99]
[69,51,71,60,78,61,31,90,52,17,41]
[76,67,87,39,45,74,55,70,26,99,41,34,76,57,58]
[17,48,3,82,85,61,74,80,34,91,30]
[78,57,94,73,56,50,46,82]
[58,77,87,60]
[83,73,23,57,43,27,32,89]
[89,24,88,24,71,35,71,63,90,68,72,12,75,72]
[53,76,57,77,88,57,40,66,26,81,15,41,101]
[62,40,85,25,33,57,58]
[73,52,61,24,46,43,39,48,60,45,51,86,50,76,43,87]
[23,61,61,67,26,84,61,43,74,82,64]
[19,34,28,28,41,32]
[27,50,77,46,76,70,64,10,80,68,61,82,80]
[87,83,32,89,88,41,46,35,32,91,70,31,27]
[40,71,34,34,14,70,30,25,34,32,27,72,25,15]
[39,47,67,73,83,27,89,88,16,9,37,41,13,73,31,36]
[16,58,32,9,39,51,46,33,65,21,58,59]
[49,31,32,53,48,35,50,5,35,87,85,41,21,27,80,73]
[52,47,63,85,36,41,62,54,83,61,42,59,33]
[38,76,75,21,72,55,16,49,85,31,70,65]
[72,41,17,56,71,32,79,87,47,6,83,3,97,100,88]
[35,74,72,30,34,87,94,68,40,80,67,30]
[74,22,76,79,87,76]
[81,29,41,74,38,46,92,100,90,52,99,47,47]
[32,91,98,29,13,74]
[81,96,78,59,61,84,86,34,35]
[37,80,12,58,43,72,32,29]
[74,32,46,36,59]
[73,67,8,82,73,14,72,37,91,97,43]
[53,84,52]
[74,51,44,76,33,65,64,20,63,56,47,67,58,73,97]
[42,55,77]
[97,26,59]
[16,15]
[60,72,63,66,44,35,55,83,32]
[71,64,75,33,52,46,86,79,57,20,32,27,80]
[35,36,25,46,60,43,6,70,87,91,83,95,52,41]
[14,65,21,81,31,67,67,86,28,68,63,47,51,60,39]
[69,71,48,67,61,75,48,71,73,66,27,86,60,70]
[37,27,56,13,36,89,33,8,38,47,71,70,35,2]
[32,65,74,45,88]
[24,50,91,72,70,91,36,23,62,44,54,28,54,47,65]
[73,79,35,48,19,100,73,36,16,53,67,42]
[45,78,3,43,60,57,44,78,60,33]
[89,50,50,4,8,41,33,35,66,70,67,53,72,96,41]
[62,60,85,80,44,49,10,63,53,17,71,32,54]
[62,87,24,80,73,93,22,58,82,90,45]
[13,20,85,82,74,42,34,67,43,30,36,8,23,91,22]
[86,70,100,62,85,50,59,64,35,40,25,84,101,25,37,35]
[25,26,31,98,47,42,58,57,8,48,28,97,20,56,24,75]
[54,42,38,47,24,101,26,65,92,75,54,61,85]
[47,57,25,47,82,67,57,31,40,66,73,100,42,8]
[79,22,22,34,90,51,87,84,24,32,61,30,82,78,37]
[40,63,51,64,57,99]
[44,86,77,66,86,88,39,33]
[67,87,85,41,57,56,23,22,79,64,30]
[68,36,65,51,68,27,64,57,30,14,69,77,84,39,39,99]
[16,24,86,66,58,75,90,11,9,19,58,52,24]
[21,61,78,78,25,74,28,42,40]
[75,60,31,76,58,62,25,28,74,61,79,98,58,86,54]
[27,22,57,53,69,63,48]
[36,35,44,26,88,24,35,64,62,22,70,13,52]
[15,83,64,38,80,44,27,50,15,79,78,31,80]
[75,77,63,9,32]
[27,36,85,72]
[77,8,61,73,41,57]
[24,58,44,54,64,28,38,42,73,62,65,95,84,64]
[26,57,31,71,77,75,29,26,25,49,36,21,62,79,62,82]
[47,40,75]
[27,48,54,28,39]
[61,20,32,91,36,4,53,33,12]
[33,20,47,28,29,67,93,96,50,93,35]
[54,74,60,69,49,65,10,83,45,17]
[69,20,60,23,46,78,42,101]
[13,94,47,88]
[73,81,43,82,60,47,83,78,46,40,80,69,36,74]
[74,85,13,34,67,33,93,86,29]
[47,100,56,16,21]
[67,44,65,39,37,70,58,82,74,21,18,42,82,35,4,47]
[12,97,90,50,18,16,54,53,74,59,44,33,52,29,34,44]
[19,83,86,46,84,62,68,53,34,63,31]
[42,92,66,65]
[75,71,85,71,44,48,25,38,90,37,29,88,55,51,77]
[35,29,87,21,46,36,49,67,39,79,66]
[56,19,56,92,61,12,40,68,69,62,76,50,35,59,66]
[18,70,3,25,33,73,17,63,34,55,18,27,74,98,80,40]
[33,46,46,92,76,89,43,54,49,35,77,55,45,52,79,70]
[22,30,66]
[26,27,49,71,92,50,77,36,50,50,12,70,43,57,41,83]
[24,74,68,40,64,58,70,99,60,29,38,90,68]
[70,63,35,45,79,70,44,94,95,38,21,94,89,26]
[96,67,51,45,63,72,59,72,38,91,77,62,63]
[43,74,43,68,80,30,18,36,34,19,70,63]
[78,45,42,29]
[63,16,51,57,52,65,66,28,64,43,18,38,65,26,24]
[16,45,45,39,55,80,78,46,63,45,74,31,78,46,34]
[23,29,49,32,75]
[56,26,31,69,36]
[57,56,54,53,74,38,50,90,59,63,46]
[80,35,59,70,83,27,17,16,69,51]
[29,17,53,70,15,14,76,59,80,56,59,65,43,32,99,88]
[87,77,32,16,95,57,13,50,38,90,92,22,39,69]
[44,84,92,57,64,31]
[18,38,36,51,20,75,80,70,64,83,5,46,86,52,42,78]
[83,98,75,27,80,62]
[9,72,42,41,78,31,61,57,43,45,47,88,74,26,93]
[30,89,79,52,96,28,99,97]
[41,44,48,80,39]
[88,50,30,71,14]
[30,67,45,64,40,41,14,21]
[25,70,30,60,11,58,67,68,78]
[62,89,45,42,25,57,51,38,72,82,55,67,28,69,27]
[65,72,40,35]
[93,71,74,60,55,25,56,35,54,38,52,22,24,57,39]
[34,96,70,79,82,42]
[44,17,41,28,21,35,41,17,46,61,20,80]
[56,82,83,71,20,27,44]
[67,25,84,70,56,41,33,90,37,25,50]
[64,57,81,62,51,70,38,45,71,50,62,25,91,57]
[73,25,34,65,77,48,54,22,82]
[79,76,64,43,55,27,59,53,75,39]
[89,96,88,35]
[4,67,74,70,83,60,48,90,91,49,71,75,46,33,9]
[11,24,68,81,65,29,37,83,59,75,41,63,67]
[87,87,66,91,40,18,74,31,39,51,21,52,42,71]
[55,30]
[62,60,55,75,44,20]
[33,39,98,60,50,35,85,49,50,35,52,13,17]
[30,39,75,57,52,87,23,71,68,38,64,40,34,11,70,17]
[61,22,31,57,17,39,25,50,19,40,29,86,49,69,24,54]
[76,51,33,37,26,68,30,52,34,85,27,50,84,8]
[36,77,87,25,82,20,22,31,34]
[15,87,78,82,83,53,58,60,70,23,39,58,62,64]
[48,99,75,55,50,50,54,92,67,75,71,95,70]
[77,13,75,22,64,66,32,69,80,67,23]
[83,59,32,88,40,72,52]
[66,62,86,38,45,95,52,8,85,23,23,74,80,67,74,61]
